c(i)=/yuan
2509.321344
2498.199542
2334.252413
2456.355874
2232.516894
2267.596508
2025.80803
2063.561832
1785.539376
1844.020456
1803.796425
1900.428376
1873.501199
335.6643357
296.4127036
304.7239836
280.5194805
311.6883117
174.4661517
173.4417344
175.8845757
176.362523
198.3539378
204.9110345


d(j)=/yuan
2900
4500
4500
6900
10200
15000
10200
15300
35000
63800
4500
6900
10300
15300
22000
35000
43750
54700


e(i)=/m2
1.27664
1.938396
1.27664
1.637792
1.63515
1.938396
1.63515
1.938396
1.470144
1.62688
1.940352
1.940352
1.668
1.43
0.939231
1.575196
1.54
1.54
0.11005
0.1107
0.218325
0.3266
0.29039
1.17124


g(i)=W
215
325
200
270
245
295
265
320
210
240
280
295
250
100
58
100
90
100
4
4
8
12
12
50


H(j)=/W
600
1200
1152
2304
3504
5520
3300
5610
11110
22220
1100
2200
3344
5566
8338
10648
26000
26000


k(i)=/V
46.1
46.91
46.1
38.1
37.73
45.92
37.91
45.98
33.6
36.9
44.8
45.1
37.83
138
62.3
99
115.4
100
26.7
12.6
26.7
26.7
26.7
55


L(j)=/V
32
32
64
64
64
64
150
150
150
150
300
300
300
300
300
300
800
800



l(j)=/V
21
21
42
42
42
42
99
99
99
99
180
180
180
180
180
180
250
330


M(i)=/电池转换效率
0.1684
0.1664
0.187
0.165
0.1498
0.1511
0.1621
0.1639
0.1598
0.148
0.1598
0.152
0.1499
0.0699
0.0617
0.0635
0.0584
0.0649
0.0363
0.0363
0.0366
0.0366
0.0413
0.0427

N(j)=/逆变效率
0.84
0.84
0.86
0.86
0.86
0.9
0.9
0.9
0.92
0.92
0.94
0.94
0.94
0.94
0.94
0.94
0.973
0.973













